Accuracy: 0.1111111111111111
Precision: 0.05555555555555555
Recall: 0.1111111111111111
F1-score: 0.07407407407407407
